J_s = 31.38;
w_mode = 2.6268;
c_damp = 0.00495;
alpha = 0.5736;
J_r = 0.0004;
T_sat = 0.05;
w_sat = 2800*2*pi/60;
delay = 0.8;
noise = 10^-9;
time_cons = 0.5;
dis_torque = 0.001;
in_nu = 0.0001;